452.14
153.76
424.99
147.11
451.96
137.70
433.83
235.62
234.79
250.97
179.91
126.22
208.10
411.39
211.48
415.79
404.86
333.44
402.59
381.26
321.74
141.94
222.10
212.05
425.99
233.00
229.44
228.38
175.08
402.29
255.18
303.72
299.40
219.22
217.32
227.72
326.76
138.16
380.06
343.06
147.61
231.78
248.48
336.04
131.87
151.72
411.14
180.62
339.37
249.79
395.61
365.80
174.46
401.61
357.58
344.94
404.62
286.54
140.87
425.99
127.07
228.97
238.06
184.88
406.76
353.48
267.67
398.45
423.58
413.37
248.05
354.23
126.22
420.99
229.98
376.10
150.96
318.32
306.81
212.03
244.42
219.46
220.74
152.81
351.38
407.54
217.78
249.34
185.23
239.51
231.32
245.34
373.74
178.40
310.69
347.25
348.37
239.18
342.15
321.14
854.73
1513.40
820.25
1720.17
1251.53
628.63
1072.00
1494.75
794.39
1391.19
700.11
1529.84
1532.54
1607.00
1600.87
1497.92
804.44
716.02
1273.34
700.10
1720.39
1670.03
786.48
1166.51
733.99
1624.17
840.13
776.84
622.37
804.16
1485.28
984.92
1069.54
881.54
1400.90
790.52
1108.52
1450.14
1475.82
862.28
670.93
942.50
1115.52
836.77
883.35
1388.03
1602.87
1404.20
903.97
1478.61
878.54
1480.65
1044.58
1468.67
1332.07
760.17
1196.74
1113.58
800.50
690.74
1354.08
578.02
1185.46
920.25
1498.94
1426.31
770.07
789.34
1711.43
494.71
784.43
958.57
832.80
1204.93
1249.56
1419.84
1462.53
782.83
717.47
664.48
1500.73
1210.51
894.92
1724.86
1037.32
1079.14
749.82
904.68
765.97
1378.26
1567.33
1299.29
871.90
560.89
499.29
1161.16
992.54
701.11
742.47
902.17
1935.38
1590.12
1532.37
988.91
1520.93
2059.95
1113.19
970.13
1216.29
1628.19
1542.02
1333.10
1543.13
1066.86
1734.45
1723.62
1587.70
1127.96
1916.09
1477.31
1017.87
1290.21
1902.38
1732.26
1744.49
1437.11
1337.39
1793.97
1044.38
1625.38
693.08
1537.52
1121.23
1602.39
1068.37
1789.67
1119.99
1629.21
1633.34
1582.30
1058.59
1557.49
792.51
1582.65
1686.54
1786.28
1993.06
1819.05
1608.50
1785.41
1262.20
1241.78
1946.22
1589.74
1818.51
1065.55
1544.75
904.09
1450.12
1226.99
1548.66
1676.41
1797.24
1287.54
1497.42
1751.20
1701.67
1232.94
1400.18
1898.61
1595.82
1741.13
1478.56
1199.41
968.59
928.76
1790.03
1357.65
1562.17
948.19
2051.49
1195.46
1564.10
2001.19
1424.69
1920.92
1807.93
1069.38
1652.71
1210.61
2002.50
1845.13
2123.36
1934.91
1074.87
1489.40
886.55
1856.76
1605.02
1681.57
1427.56
1055.50
1347.64
812.00
1422.18
809.15
987.50
1456.18
1413.18
1499.19
1087.97
1201.02
992.47
1173.45
1188.78
908.99
1091.43
651.14
1079.37
1076.68
1564.88
861.07
742.57
1474.34
1571.21
1083.46
1264.15
1497.83
1155.00
867.32
618.01
666.64
659.87
1958.20
1230.16
771.77
742.88
668.05
1010.40
1094.42
695.19
859.07
1218.50
1315.35
968.99
1073.48
1304.88
657.02
1066.77
1218.63
1738.67
995.46
637.35
1218.63
642.41
739.04
1305.52
1321.44
631.44
732.49
735.31
1043.04
1885.97
1287.68
620.32
1666.92
1474.55
917.29
742.57
1151.09
1045.27
1071.78
1320.31
1280.67
1231.13
1144.63
1447.50
639.53
736.72
1241.53
764.57
1020.97
1348.49
588.92
1115.73
712.91
1959.75
551.03
834.12
1388.88
645.06
1040.18
665.96
1422.49
1737.63
1132.93
1344.82
775.38
1125.92
1614.71
932.48
777.40
869.40
1100.01
696.10
496.05
956.72
931.08
534.51
1151.20
635.75
1079.36
790.89
979.80
743.69
632.66
1155.68
552.88
1359.40
557.85
1088.87
473.23
844.15
908.04
701.03
820.26
1310.73
743.58
485.35
1357.12
493.37
751.29
945.88
980.20
602.39
1485.91
891.51
841.26
817.69
985.21
1024.59
876.33
593.45
677.62
542.40
1077.77
619.81
832.02
1137.70
723.49
ERROR
ERROR
ERROR
ERROR
ERROR
ERROR
ERROR
ERROR
ERROR
ERROR
ERROR
ERROR
ERROR
ERROR
ERROR
ERROR
ERROR
ERROR
ERROR
ERROR
ERROR
ERROR
ERROR
ERROR
ERROR
ERROR
ERROR
ERROR
ERROR
ERROR
ERROR
ERROR
ERROR
ERROR
ERROR
ERROR
ERROR
ERROR
ERROR
ERROR
ERROR
ERROR
ERROR
ERROR
ERROR
ERROR
ERROR
ERROR
ERROR
ERROR
ERROR
ERROR
ERROR
ERROR
ERROR
ERROR
ERROR
ERROR
ERROR
ERROR
ERROR
ERROR
ERROR
ERROR
ERROR
ERROR
ERROR
ERROR
ERROR
ERROR
ERROR
ERROR
ERROR
ERROR
ERROR
ERROR
ERROR
ERROR
ERROR
ERROR
ERROR
ERROR
ERROR
ERROR
ERROR
ERROR
ERROR
ERROR
ERROR
ERROR
ERROR
ERROR
ERROR
ERROR
ERROR
ERROR
ERROR
ERROR
ERROR
ERROR
ERROR
ERROR
ERROR
ERROR
ERROR
ERROR
ERROR
ERROR
ERROR
ERROR
749.98
ERROR
ERROR
ERROR
ERROR
ERROR
ERROR
ERROR
ERROR
ERROR
ERROR
ERROR
ERROR
ERROR
ERROR
ERROR
ERROR
ERROR
ERROR
ERROR
ERROR
ERROR
ERROR
ERROR
ERROR
ERROR
ERROR
ERROR
ERROR
ERROR
ERROR
ERROR
ERROR
ERROR
ERROR
ERROR
ERROR
ERROR
ERROR
ERROR
ERROR
ERROR
ERROR
ERROR
ERROR
ERROR
ERROR
ERROR
ERROR
ERROR
ERROR
ERROR
ERROR
ERROR
ERROR
ERROR
ERROR
ERROR
ERROR
ERROR
ERROR
ERROR
ERROR
ERROR
ERROR
ERROR
ERROR
ERROR
ERROR
ERROR
ERROR
ERROR
ERROR
ERROR
ERROR
ERROR
ERROR
ERROR
ERROR
ERROR
ERROR
ERROR
ERROR
ERROR
ERROR
ERROR
ERROR
ERROR
ERROR
ERROR
1831.08
2015.07
2012.38
1895.18
1800.74
1988.08
1961.54
1976.98
2056.66
1966.99
1987.21
1954.78
1774.36
1928.10
1839.51
1959.18
1854.26
1959.33
1888.61
1961.44
1848.62
1768.85
2054.02
1931.09
2011.87
1813.91
1931.03
2076.80
1699.93
2041.59
1826.13
1775.30
1947.28
1918.25
2063.15
1856.17
1806.70
2021.94
1940.65
1766.22
1838.57
2031.39
1935.59
1765.32
1797.03
1946.54
1869.15
1846.28
2133.68
2089.02
1830.05
1999.37
1868.70
1981.58
2038.42
1885.48
1982.77
2158.26
1847.25
1826.29
1789.07
1888.85
1831.52
1975.55
1981.15
1911.27
1930.09
1827.72
1975.20
1788.04
2139.03
1981.22
1870.74
1932.33
1912.81
2071.48
1861.25
2065.21
1942.95
1839.36
1946.55
1916.64
1745.80
1946.52
1975.82
1892.61
1922.39
1721.46
1845.45
2042.84
1816.26
2051.37
2110.81
1877.27
1942.66
1815.62
1938.36
2060.82
1807.13
1934.55
1344.63
1196.67
933.39
1921.46
1471.61
776.84
1272.02
1331.40
579.60
1174.30
2143.16
1521.00
1755.96
1728.95
1529.42
1927.56
1674.80
1781.11
1743.85
1356.62
1397.98
2149.65
1738.80
1849.75
1402.14
1434.67
1611.08
846.06
1955.23
1418.22
1703.59
1570.16
1820.23
1003.97
1388.65
1988.17
700.46
1855.15
1692.42
412.49
1935.98
1985.36
1128.01
697.63
1351.61
1679.74
1869.71
712.80
1609.21
1448.28
1505.63
1403.51
1163.14
2155.76
1591.22
1015.50
1504.13
1901.73
1189.35
1862.41
1306.01
1090.76
840.54
173.93
1394.44
1165.05
1170.85
1853.07
1363.08
844.98
1480.80
1416.94
1410.89
502.18
1507.92
1605.54
1410.58
1678.65
703.13
1629.01
1296.36
953.93
1464.14
1828.59
610.81
1505.46
1490.18
1693.73
1007.18
1745.64
2135.01
883.91
1204.57
1337.32
1460.14
1744.82
1774.60
1304.18
1002.67
1164.89
1372.49
1802.88
1582.62
1828.94
1828.89
1803.85
1812.44
1818.15
1370.55
1569.78
1350.65
1191.53
1205.79
1438.62
1426.50
1272.40
1405.92
1434.83
1339.36
1613.07
949.47
1569.98
1793.22
1185.73
1210.77
2149.30
1204.65
1611.07
1550.79
1874.00
554.42
1469.21
1360.64
1117.71
577.58
1452.52
1121.84
1169.74
1738.63
1286.90
915.98
1371.69
776.06
1796.60
1067.59
1840.36
1882.95
1106.44
769.45
1735.03
1606.03
1562.59
1849.47
2147.24
1468.41
747.33
1638.35
715.92
1254.91
1881.01
1964.46
798.88
671.31
1365.12
1599.20
1098.46
806.24
1686.35
1521.53
2007.10
1829.52
1854.27
962.77
1778.29
930.90
1430.88
1687.67
1904.27
1635.46
1714.03
941.40
1796.31
1863.94
1584.64
1601.21
1428.60
561.51
1023.90
747.74
1388.80
1946.80
1971.87
1233.01
1480.65
1188.60
1496.34
1646.04
1747.33
1328.53
1583.26
1461.10
1391.86
1986.64
1560.59
1076.73
1619.99
1368.23
1515.77
1616.85
1946.06
1474.43
1570.01
1743.86
1515.19
1601.75
2163.49
1895.76
1979.72
1531.74
967.61
1074.81
2150.27
1931.32
1948.81
1377.56
1627.50
858.56
516.29
1417.30
1493.80
1155.96
1071.11
1137.08
1930.56
1957.41
1633.09
1773.06
1918.83
1964.68
1763.96
1499.81
1642.10
1756.15
1474.27
1961.05
1483.81
1306.45
1816.56
1771.43
1833.46
561.22
724.52
1856.03
1573.32
1754.36
1942.40
1602.18
1821.39
1581.53
1906.87
1313.76
1775.43
819.32
1577.60
1683.06
1675.49
1157.28
1509.09
997.14
1780.23
1614.20
824.23
1579.52
1788.07
818.10
1235.00
1615.84
1798.37
1816.04
1081.80
860.48
935.47
949.56
1468.73
1406.96
759.07
1739.11
1159.43
1083.80
1771.96
1523.63
1041.60
1966.48
1226.67
1113.85
1546.17
608.71
1339.24
1163.47
1704.85
804.87
1310.75
1050.17
1856.73
1454.85
1437.53
1770.85
1687.00
904.17
1870.42
1741.59
1092.77
1213.13
1643.29
1584.99
1199.43
1691.30
1745.81
1688.05
1583.31
1450.75
1731.91
741.33
1381.38
1337.00
1611.57
1214.86
1624.88
1813.91
954.51
1489.88
1307.10
1828.33
1533.95
1314.21
618.01
1178.57
1889.53
1663.34
895.37
1833.75
1333.46
1241.95
1785.94
1486.10
1441.60
585.28
1067.81
1767.89
1571.48
946.64
972.76
1829.60
1130.11
1338.18
1739.02
1573.61
1491.86
837.77
1818.37
1578.56
1757.05
1793.91
1403.69
1533.10
1579.32
1904.52
815.71
1711.73
1674.64
1524.68
1401.06
1777.18
826.16
1605.06
1416.14
1815.51
2051.41
1566.80
1538.26
1435.42
1806.84
1638.73
945.00
1019.69
1299.39
1201.78
1472.79
1771.49
2159.50
1460.39
1251.07
1328.05
1120.36
1519.46
1133.96
1981.61
1719.57
1757.63
1204.01
1634.77
1553.55
278.69
2128.64
1410.55
1621.06
1613.03
1753.75
1864.62
965.14
668.29
1144.43
687.37
1750.71
1774.61
1888.57
461.38
1399.64
1720.54
1529.98
1584.04
1484.20
1135.78
1774.39
1094.43
1579.72
1630.61
1465.25
1968.28
1648.43
774.00
1618.21
642.34
1599.89
1801.23
1802.93
827.51
1440.95
1197.28
946.84
1694.61
934.08
1623.56
1637.20
1645.84
1942.12
1835.27
1506.59
1170.82
1197.97
1724.52
1258.45
1528.64
1452.96
724.72
1158.17
1339.18
1009.97
1831.05
1354.31
2041.87
489.59
1740.14
1480.43
1843.64
1687.84
400.43
838.33
1807.80
631.06
1057.99
1511.08
1472.70
1714.56
1363.42
1816.20
1353.95
1763.60
857.54
1475.23
1517.95
1137.97
1456.54
1585.56
1608.67
450.59
1198.15
816.85
1446.54
1547.35
1076.06
1130.29
920.89
1101.37
1120.41
1581.85
1900.39
1920.41
1921.11
1347.27
1938.74
1782.63
1015.78
1233.31
712.70
1098.87
1511.46
1184.50
1795.28
1833.81
1507.27
833.34
1480.06
1232.66
1699.00
1708.35
1933.76
1230.16
1783.46
827.75
1563.06
1299.67
1093.74
1669.79
1385.49
1631.19
1721.36
918.22
1257.14
1586.17
686.84
1627.29
1384.53
879.66
1879.90
1486.47
2162.53
1205.01
526.36
1090.13
1489.95
1845.92
1749.13
1706.30
1367.58
1297.83
1619.19
1594.01
1415.85
1434.63
1830.49
1413.08
1590.97
1428.65
1666.98
1848.94
1803.45
1823.08
1292.55
1093.49
1107.11
1481.56
1577.55
970.01
1995.33
1553.86
785.42
1524.97
1989.55
1477.12
1140.94
1092.41
1481.14
1233.04
818.87
1373.53
1008.87
1417.61
1219.54
1287.77
1606.82
976.82
1169.67
1165.39
1121.70
1493.45
1638.84
756.05
1705.24
1192.61
498.80
1339.68
1009.35
1458.92
994.42
1653.46
1211.97
1374.26
1262.76
1722.16
1132.85
1615.29
1199.27
1623.43
1909.56
2112.27
1644.14
1300.78
632.78
1761.35
1534.01
1484.01
1422.15
1440.78
1895.29
1518.21
1470.90
1483.23
1071.18
1971.35
1888.92
1873.86
1108.28
1380.12
1475.37
1610.43
1439.28
691.98
1805.77
1425.42
1734.89
1409.12
889.77
1706.79
1867.75
1412.39
1945.53
1539.23
1574.05
785.81
1496.96
2086.41
1383.23
1541.87
1828.15
1721.88
1464.96
1848.36
1468.08
1519.38
1540.67
1513.24
1543.46
2136.88
934.47
749.81
1864.59
1476.06
1240.01
423.82
1385.12
802.79
953.86
1844.75
989.55
1515.02
1746.12
1738.54
1389.47
1785.44
1388.18
1105.80
1322.61
1848.55
1557.03
1650.27
1606.59
1396.73
992.78
1542.49
1484.90
1213.36
1465.89
1686.86
1569.19
1151.50
1676.75
1488.10
1633.72
1679.00
902.45
1954.03
1463.65
1800.55
1096.70
2115.73
1568.32
1931.26
1339.32
1114.78
1914.89
1767.53
1529.13
953.12
1300.13
1802.26
1553.49
1556.31
1376.42
451.73
1618.31
953.08
926.56
1271.43
2162.96
1298.05
1426.26
1679.96
1029.05
667.13
1298.77
1494.85
1410.77
1559.23
967.61
1096.42
1466.63
1350.93
1467.83
1446.66
1852.86
1571.94
1210.20
841.99
1454.06
1757.83
1481.25
1434.09
1512.65
701.41
1454.81
1049.39
830.84
1359.40
1514.23
1610.92
1866.72
1273.10
1709.19
936.54
1599.97
1848.36
1042.20
1927.87
1211.38
1892.90
731.33
601.95
1468.64
1073.05
1799.43
1263.00
1815.58
1591.02
1465.90
1637.09
1208.31
864.04
1802.27
1705.66
594.01
1208.43
836.77
1082.34
877.19
1472.49
1430.28
1557.74
2035.51
596.94
641.38
539.48
1348.65
1192.71
1574.39
1010.80
2084.28
1619.47
272.19
1528.01
1097.35
639.59
1202.79
1449.03
859.54
1746.62
1824.15
1759.12
781.68
470.34
1526.73
1055.46
1534.31
1545.09
1173.81
1676.16
453.35
656.77
1687.95
1632.05
754.61
960.55
1150.11
1443.42
1480.89
1376.12
1788.81
409.24
1359.82
853.65
1496.63
1631.90
1756.37
1648.56
1493.99
1902.23
1413.37
1930.28
1230.64
1610.44
886.60
1483.22
1348.74
804.30
1545.12
1671.95
1545.55
1718.15
1403.13
1690.20
1473.68
1230.57
1348.72
1248.58
890.20
1752.50
1607.46
1508.47
1383.60
2042.03
1810.14
1780.20
434.57
1207.86
1240.35
1974.89
1553.38
1087.63
1525.09
1011.46
1888.33
1713.10
2146.26
1599.67
1442.47
988.72
1907.28
1716.38
531.57
1265.64
884.23
1360.29
1554.02
1481.92
1472.25
1612.44
1451.41
1819.90
1428.23
1136.52
1471.31
1532.11
756.26
1456.78
1515.64
1066.74
630.16
877.89
1369.46
1097.52
1547.89
1030.31
1798.64
1687.94
715.73
1547.34
1469.96
1378.72
1270.99
1334.06
1783.15
1502.72
1839.71
2038.17
1945.54
1663.86
1378.93
1057.35
1470.97
1453.73
1752.60
1748.97
606.45
1828.75
1848.08
1864.91
1736.46
1317.39
1380.34
1192.03
1270.00
1752.78
756.32
378.71
869.42
570.34
1335.83
1049.17
900.05
684.22
965.25
1585.13
1408.62
694.73
1117.03
1898.22
890.98
1771.89
1848.36
1500.51
1656.70
418.18
1470.91
1461.04
969.55
1312.48
1233.68
1073.55
1971.02
1426.27
1528.20
755.12
2125.02
1119.88
1917.17
1161.20
1386.05
1328.45
1615.96
701.20
1455.08
459.60
1450.54
1727.50
1856.74
535.16
1745.05
786.69
1042.98
972.81
1233.72
1704.45
1412.25
1545.67
1475.29
912.70
719.84
1128.99
1928.22
1825.23
1098.72
2054.12
1856.46
1626.63
935.84
1566.04
1465.38
734.25
1584.87
1141.28
1669.35
1335.34
1359.36
1655.34
1444.31
1369.81
1662.29
1703.22
1624.11
1482.64
1287.26
1566.38
1796.67
1124.61
1678.90
1214.59
929.42
1669.57
1524.60
1936.17
917.27
1214.90
1148.84
1083.21
1786.69
1215.36
1939.34
606.02
1375.70
1356.62
1323.08
1511.49
1718.37
1906.32
1556.46
1056.15
1292.40
1737.85
2120.31
447.04
1948.74
786.97
834.40
1736.41
1008.85
1458.71
592.00
1840.14
1511.95
1947.99
1939.62
1280.27
1631.14
1500.73
1911.99
1610.21
1464.33
926.29
856.75
1564.33
904.41
1678.73
1357.06
1373.91
2235.01
1602.95
1601.34
1610.39
1182.17
1828.94
1738.30
1988.26
607.98
1002.02
1066.40
1372.27
1807.71
1739.17
1498.45
1776.46
1626.52
1482.88
1655.03
1758.33
1512.24
1928.77
989.11
1292.73
983.76
1748.51
1693.17
1737.55
628.73
1335.49
845.33
1280.39
1193.98
1172.61
553.21
1435.96
1424.59
1649.51
1183.52
747.99
1022.62
1531.82
598.57
644.44
1618.71
1725.68
1331.18
1724.15
1566.20
1708.82
1626.19
1577.74
1583.86
1376.40
1736.59
1603.32
1247.02
740.36
1136.79
1088.74
1512.98
564.72
1525.91
1900.90
1720.74
1398.01
1451.25
962.67
1726.33
2138.98
1460.66
1227.65
1827.25
1194.49
1348.20
1525.21
1595.48
986.16
1177.07
1831.82
1784.13
1898.62
1453.82
1611.73
1686.51
1657.02
1927.05
1697.40
1587.08
1728.15
1364.85
1753.31
1433.73
1611.23
1327.70
1513.36
1501.94
1458.40
904.47
673.49
1744.91
1614.11
1265.40
985.01
1093.52
1487.19
1244.32
624.09
724.58
1596.04
1701.43
1486.99
1478.20
1892.72
1957.33
1964.94
1214.60
1529.76
1034.93
1204.67
1006.90
1784.97
660.01
1704.49
1099.49
1680.10
1868.42
1408.97
1597.50
989.16
1500.48
1724.34
506.65
1397.53
1229.38
1429.29
1385.39
1566.54
751.77
1425.05
1506.77
247.02
762.59
1940.73
1606.99
975.86
1153.29
1733.85
618.86
784.69
1885.48
1717.51
1741.36
1913.32
1835.21
1298.76
1526.55
1312.69
1788.44
1713.15
1580.82
1496.24
1979.37
612.63
1732.56
1337.65
1500.57
1514.62
785.82
1224.35
1508.27
1472.85
813.25
1426.57
1908.46
1385.38
953.26
1416.07
1390.41
1571.95
1875.49
1906.56
586.01
283.04
729.89
1512.06
1766.43
1810.54
1594.08
1551.81
1800.70
1710.42
1741.00
636.55
1767.80
1837.44
1558.84
1719.90
1941.42
1426.08
1855.83
1443.86
1265.86
1472.69
854.15
1583.64
1525.51
1762.78
1244.11
1394.67
281.20
1802.66
1426.64
1410.45
532.09
876.03
1830.02
1582.16
1758.83
995.71
1878.24
1445.91
881.43
1632.26
1284.32
937.51
737.50
1297.65
1867.27
1938.95
1437.60
614.26
1238.89
1152.32
1078.17
1716.41
1269.07
1418.33
1341.76
1502.02
1457.01
1859.13
827.47
1340.78
1837.69
1681.82
424.07
1825.88
1444.51
2132.78
1759.44
781.68
1189.78
625.59
1664.23
1666.73
764.80
1123.90
1709.58
577.09
935.89
882.72
1691.32
1520.51
2156.53
962.97
1236.86
1219.17
1534.80
1973.14
663.38
1815.31
1289.28
1471.65
767.74
1568.58
1515.77
1898.45
1820.37
708.97
1627.02
1227.33
1848.75
1349.98
1607.72
1686.99
806.58
1168.48
1044.84
948.93
1471.51
1505.01
1670.51
1462.39
1377.62
1546.36
1246.27
1426.70
1350.39
2000.51
1000.98
1856.22
1600.44
1665.30
1510.52
1095.52
1474.78
1900.18
1680.30
862.69
1540.68
1499.25
2045.75
1642.97
1745.44
1758.41
1422.78
1462.90
1627.54
1811.67
1134.61
1547.43
808.03
1720.17
1834.19
480.95
1614.07
1959.75
1796.74
1451.65
1453.72
756.60
1078.90
1819.74
1193.74
1725.78
1249.25
729.07
1515.73
1580.22
1397.63
1765.72
1242.74
389.50
875.06
1775.65
1957.63
1802.11
1642.87
1993.33
1337.60
1529.67
1648.90
1604.59
1367.22
1490.35
1435.05
1672.26
1050.45
1526.15
1485.65
1202.37
1034.47
681.55
1809.28
1283.69
1480.90
894.14
1135.41
1485.97
1585.50
1079.30
1339.67
1702.97
801.54
1881.97
917.79
765.84
1680.89
1082.67
1674.53
1921.95
1135.31
1959.25
1830.06
1936.04
716.44
397.74
946.87
1562.89
1740.45
606.35
1740.06
1779.61
1271.98
1626.77
780.48
654.52
1739.96
826.99
156.18
1318.45
1813.09
1630.51
1622.50
1913.88
1751.28
1975.92
1687.65
1438.51
1282.95
1675.74
1013.03
1482.30
1484.72
1830.33
1190.61
1622.34
1179.98
1510.14
1550.22
1376.99
1397.29
963.34
1827.55
1052.18
1733.29
2059.65
763.75
1729.59
159.31
1843.49
1327.72
1704.77
1725.02
1071.53
1817.04
1847.42
1654.72
1595.42
624.21
1513.38
1733.89
1484.83
1475.85
1756.39
858.20
1905.21
1576.27
1319.64
283.04
1851.47
476.05
265.96
1307.57
887.75
1815.39
1793.49
1553.17
1824.10
1583.06
1456.75
1569.18
1136.00
820.53
1693.39
1259.72
1554.18
1390.16
1357.98
1651.23
1680.06
1450.65
685.69
1491.31
1470.96
1869.67
1082.77
677.04
1149.52
1170.00
1373.64
1058.97
1603.51
1545.13
1710.73
777.87
1656.73
821.10
1963.78
1913.02
1458.93
1119.55
1521.66
866.04
1827.74
1313.48
786.40
1640.47
1095.24
855.35
536.82
958.81
522.13
1845.41
1983.01
1545.81
1250.86
1210.68
520.80
1524.37
1705.68
1215.32
460.58
1633.16
1643.66
564.92
1357.21
719.38
1019.56
1176.43
1973.02
936.63
311.83
1275.31
1830.88
1498.95
1838.61
1970.77
1192.07
1630.93
1954.20
1289.16
941.18
1048.64
1708.91
1343.91
1581.37
1017.58
1563.35
2181.69
1654.71
1155.00
1961.61
1899.92
1342.10
1674.94
1532.58
963.70
1937.33
1351.92
1203.52
1529.19
1759.04
1490.14
506.05
1532.25
793.38
1098.43
223.49
1704.71
1966.18
1730.27
1207.54
1238.60
1705.07
1901.07
1577.33
1312.41
1450.44
576.37
1803.75
1857.07
1074.35
1767.54
1281.41
1722.04
1824.93
1630.81
681.36
974.41
1515.70
1850.43
1491.72
1206.17
1529.43
1415.93
1181.98
1801.42
1590.80
1807.03
1610.64
952.84
1814.17
1522.25
1651.07
1013.68
1571.75
1146.20
942.55
1470.33
1621.57
1512.17
1473.21
1854.47
1221.97
774.90
944.95
1776.48
1630.54
1654.27
1375.61
1311.71
1318.63
719.14
1937.58
1071.95
1932.95
982.36
1627.70
633.91
1390.21
1240.01
1124.31
418.20
1710.19
1705.48
558.40
1139.59
2013.56
1829.20
1138.75
1859.49
1434.69
1587.10
1512.00
1483.32
2015.79
989.16
637.27
1903.08
1647.42
1542.95
1904.11
2139.39
1498.28
1600.22
1590.00
1406.10
1233.79
1222.60
1272.17
1543.14
1496.15
1908.90
1529.23
1581.62
1649.68
1680.12
1296.92
1818.82
1040.00
1407.02
1432.95
1541.38
2026.77
612.69
1067.68
1389.93
1908.09
1798.68
1205.92
1942.54
1624.62
1657.89
1774.74
932.21
860.54
1806.33
280.41
1863.66
1906.93
1833.64
1722.16
1353.29
1509.93
1515.21
1836.93
263.11
1658.44
1193.45
1203.16
1950.46
1309.83
1150.91
1475.28
1673.91
1618.08
1477.92
1601.86
1410.55
1813.88
891.00
1368.69
1101.20
1181.18
696.41
680.38
953.19
1578.56
584.97
1414.88
862.55
1512.97
1950.40
1888.39
1563.09
1868.38
1516.62
1361.26
1501.19
1996.30
1177.13
578.44
1209.69
1783.44
1610.25
1838.05
1904.88
667.82
525.33
1745.44
1144.24
1781.24
955.43
1856.11
1129.62
1594.56
1196.60
1149.79
1208.35
1416.70
1853.18
1277.92
2003.83
1489.81
1476.89
1610.95
1687.18
1932.39
1758.00
1577.10
1232.57
2088.24
1072.70
797.08
1498.45
1204.15
1590.11
850.21
1297.90
1293.30
1643.36
1613.50
1944.78
1200.93
1454.62
1564.05
555.64
1669.92
1548.79
1833.72
1836.30
616.56
597.40
1654.20
1854.68
1140.83
1811.72
824.68
1206.42
1380.41
751.84
2053.04
1421.97
1122.95
1764.85
1826.29
1466.84
989.64
866.71
1512.65
1579.96
1788.87
1507.71
1738.22
1598.21
1198.90
1848.09
1614.32
1335.34
1782.13
315.32
1696.92
1335.82
1654.75
620.86
701.12
1873.55
1842.07
1319.49
962.77
1570.18
1946.15
1711.47
1317.54
1629.98
1641.45
1164.68
1573.40
1616.04
1511.31
1157.39
1335.19
893.67
1734.15
2039.68
1569.07
1915.33
2204.36
1836.30
1488.26
1647.64
678.89
891.50
1490.82
757.88
1468.06
1436.38
1936.38
797.78
1777.19
1628.74
1582.44
1592.93
1560.16
1804.01
505.43
937.30
684.34
1410.49
765.76
1826.98
1747.73
2057.84
1600.64
1346.69
1072.82
464.52
970.79
1691.09
1466.34
1676.28
1056.11
958.52
1426.89
1326.94
1519.81
957.14
940.03
1536.99
1504.91
1915.22
817.53
1207.26
524.30
873.16
1712.66
1362.62
1795.70
1502.57
1640.82
1526.63
1811.68
1838.85
1089.59
1887.64
1489.98
1587.27
946.70
1492.53
1753.98
379.21
1821.63
1848.02
1112.47
1511.29
1025.22
1752.88
1196.67
1468.54
1513.08
1522.18
680.23
1694.89
1607.29
1628.78
976.29
1012.06
1845.16
698.74
1755.79
1933.26
843.89
1424.75
1944.37
1420.11
749.10
1741.24
1187.95
1278.37
1371.77
1853.42
994.10
1348.61
1945.30
1539.31
1144.34
1642.44
1591.76
1379.76
824.14
1472.16
1162.92
753.11
1309.27
1454.49
384.56
1475.54
505.40
1503.04
1237.19
1743.18
1748.32
1763.99
1445.10
1450.08
420.93
948.35
1504.79
1864.92
1182.88
1660.63
1908.48
1621.87
1456.10
1537.41
1200.80
1581.41
401.07
2207.63
1421.09
954.65
756.81
684.03
1861.54
1424.27
1426.59
1915.52
1770.09
1342.34
1618.74
1552.78
1083.13
1839.41
1633.74
1609.94
1533.04
1501.61
1929.91
1520.97
1719.50
1018.80
846.22
1686.78
1776.34
1433.16
1010.45
2040.35
1427.99
1792.12
1612.03
1585.37
1506.92
1194.84
1513.78
1348.00
1873.12
1223.54
1739.14
1634.91
1580.62
2141.68
1368.27
1426.83
1534.71
1636.38
1462.55
913.78
1064.48
1613.54
1464.15
1801.08
1609.27
1305.00
818.48
1175.05
1065.14
1787.00
1492.13
1285.46
1818.92
1430.06
1698.58
1908.74
1798.53
1594.44
1648.25
1577.97
1203.27
546.51
1620.94
2035.27
1792.87
1793.52
2204.29
1733.80
1770.62
1346.36
1021.05
1310.79
1744.44
1600.00
1611.56
1209.95
1645.51
1622.24
940.70
1829.18
1414.93
1919.87
2169.50
1306.75
913.64
1557.20
1787.69
1581.05
1663.37
885.44
1908.59
1841.20
1852.94
1431.23
1614.47
1868.92
397.73
584.66
1432.37
802.83
1361.95
1146.14
1735.16
1091.66
1233.04
1124.35
1192.53
1702.16
1640.84
1327.93
1193.94
1711.66
1596.45
1527.93
963.30
1931.26
1484.12
1513.56
1355.29
1461.06
1723.24
1316.54
1095.87
452.32
792.62
1575.47
908.71
1419.04
1507.01
1594.72
1968.57
1858.62
1746.10
1634.64
1683.70
1429.92
1898.58
1406.47
1597.43
1846.38
1895.01
1454.23
1744.92
1538.38
1556.83
1763.95
1015.47
1128.49
1998.28
2080.01
1460.66
975.79
1674.09
1941.78
1509.05
1620.28
1601.42
1949.27
981.81
1699.21
695.17
1281.27
1596.74
683.79
1506.17
1586.72
1956.30
1789.84
1622.44
1238.65
1138.08
1331.00
1882.63
1876.65
1492.89
1731.58
1316.83
947.86
1593.48
1167.31
1588.93
1302.91
1528.91
1812.88
1893.90
1958.12
1520.52
984.02
1961.81
1179.86
1619.61
1284.51
1709.75
1247.28
983.09
1220.07
1680.07
1471.72
1532.22
1069.26
1674.20
1640.90
1878.22
1947.73
1713.09
482.31
1398.79
1152.41
1402.76
2147.47
824.80
1600.86
1806.45
1173.56
1333.90
1810.40
1774.84
1561.67
1642.69
647.25
835.45
1140.98
1571.04
1345.57
1644.27
1598.20
1457.43
1410.99
1586.52
847.43
1597.58
1803.74
1884.75
1896.90
1825.84
1512.74
916.45
828.78
1580.62
1013.18
1446.42
1469.68
1600.16
949.03
1692.53
1902.11
897.65
1745.86
1030.33
933.97
1740.62
1306.96
1788.60
1805.80
1593.45
930.94
1449.76
957.82
1383.17
1576.82
1072.07
1673.72
1549.14
978.61
867.18
1426.80
1021.82
1857.93
1319.40
1298.29
1684.26
1465.46
842.22
1196.88
1511.28
910.88
630.00
592.58
470.28
1367.30
1905.55
680.69
1594.91
1488.31
1591.27
1555.50
1723.73
1924.88
867.44
1469.49
2048.01
1562.69
1640.94
1354.83
1222.48
1683.11
1358.05
1218.50
1050.29
1604.16
1730.58
1512.32
1230.08
1540.74
699.72
1048.21
957.17
1687.97
1086.60
1425.83
823.93
958.79
1427.53
949.59
885.51
420.01
1756.58
963.56
838.56
1856.85
775.99
1966.17
1391.99
1624.47
1831.62
1435.59
835.15
1793.87
1892.72
1785.42
660.12
1001.76
829.21
1626.72
595.44
1529.99
1706.86
1476.00
1930.80
1109.48
1191.56
1695.35
1556.81
1929.79
1938.59
1490.62
1710.72
1792.87
674.99
1589.73
1041.11
1733.45
939.50
284.99
916.49
901.96
1713.93
1834.46
1003.50
1501.06
1309.83
905.13
1424.45
1649.97
1408.59
1604.33
1828.51
802.54
1609.84
859.61
1766.14
1209.52
1227.71
870.16
1955.76
1357.99
1302.56
1847.05
1601.78
1234.55
1895.80
1585.72
1446.85
1936.21
1720.13
1210.70
1515.21
1468.38
1633.80
1298.16
1683.06
1151.79
1608.02
1629.23
1690.70
1815.99
2139.60
2127.38
718.42
1456.95
1956.83
1532.05
761.55
743.49
1032.99
2021.67
1366.09
1450.45
1764.05
852.36
1626.57
1493.82
1733.82
547.52
956.90
1716.04
1715.37
943.74
1159.64
1944.48
1773.73
1690.28
1729.31
1155.33
589.73
1903.94
1422.04
1233.02
2162.72
1483.71
1759.76
1225.76
1653.73
1724.76
1815.29
1776.01
944.39
1664.61
1335.11
1588.98
1927.06
1407.19
1725.32
1358.28
1850.66
816.87
643.05
1181.72
1429.57
1742.03
1200.12
1854.84
1302.64
1476.12
1471.04
1390.08
1500.12
1180.10
1939.30
1861.56
1280.04
850.48
1102.14
1448.80
2084.40
874.53
1782.60
1302.95
2001.79
1455.91
1914.89
678.63
1608.80
1390.90
1054.83
1474.07
1197.45
972.45
1593.75
1224.98
1723.69
1492.53
1332.34
1665.92
1453.48
1531.61
1371.47
2176.96
1501.53
1303.99
1127.33
1190.43
1988.58
1613.54
1538.67
794.37
1436.38
1862.49
1597.71
1810.42
1920.36
871.87
1563.02
1738.32
1528.52
956.79
1924.80
697.67
1548.13
1615.52
1511.08
1242.11
828.99
1015.18
1757.89
1125.41
1586.05
1728.38
1501.60
1777.04
1325.13
1815.78
1600.59
1677.73
1729.44
474.10
1313.92
1213.19
1785.54
1849.48
502.87
1093.71
1342.20
1737.60
1882.70
1332.79
1858.68
1855.18
1055.87
1616.65
1910.74
1547.65
1554.35
1484.36
1229.05
1829.79
1447.88
1296.95
1407.04
1790.20
1290.17
696.57
1382.44
1955.80
909.20
1460.49
1602.25
1350.77
1473.59
942.41
746.97
1702.59
1672.22
1161.43
1149.94
1890.03
1509.62
1861.92
638.63
1540.34
780.13
1271.26
1379.25
884.16
927.64
1361.38
790.64
1838.96
1359.64
1294.43
1833.63
1343.63
1483.45
1551.23
1314.46
1223.78
1295.28
1448.22
1648.61
899.19
799.12
954.45
568.91
1963.70
1723.20
1347.91
1159.50
492.92
1225.91
1428.55
1390.70
1208.65
2198.24
1225.21
1385.80
1559.19
1823.96
1765.98
1656.26
1683.61
1440.20
1820.40
1796.10
1445.60
1611.97
1585.72
782.10
1725.74
1301.05
1193.79
1840.97
1946.43
1783.16
1160.12
1620.01
883.75
869.20
1838.22
1172.77
1654.78
481.87
1427.46
1745.52
864.08
1637.68
1721.55
1922.16
284.51
1330.07
1946.84
1916.46
713.14
1326.32
1600.02
1892.71
1735.58
1964.59
1356.75
1516.18
765.35
1504.00
1094.88
788.68
1394.08
224.08
1908.07
677.95
673.12
1594.60
1335.13
2138.86
1180.79
1905.20
1952.71
922.69
1894.33
1457.66
1961.30
778.06
654.84
1607.12
1668.27
1630.81
657.07
1696.50
2170.33
1158.12
1223.68
704.90
1754.01
1851.19
1613.06
2015.47
1614.66
1522.20
534.20
1041.21
1758.33
1943.14
1672.76
1790.92
760.98
1626.60
1402.40
1867.72
1340.18
1365.59
1634.03
1625.81
735.88
1756.92
1345.88
1536.44
1847.58
1362.23
1335.33
1486.22
1910.25
859.60
916.77
1961.98
1769.57
576.88
1566.65
1534.80
1500.89
1833.72
1793.39
1418.25
923.66
1641.79
1532.65
1575.49
771.42
1454.71
967.62
1495.48
1350.52
1520.36
1836.36
1636.12
835.66
1617.62
1518.59
1168.22
1379.91
1830.32
1738.77
1593.89
1749.13
1311.91
1908.02
1609.01
1836.44
1993.32
1312.20
1326.20
1578.66
1251.92
1696.09
1740.15
1981.83
1485.04
1718.30
2039.52
563.62
1260.34
687.05
1725.02
1459.15
1641.04
1410.94
667.78
1376.32
1342.25
1463.00
1210.55
1827.98
1895.78
1270.22
2011.52
665.87
1560.43
947.64
1598.77
1218.81
1151.81
1644.62
1346.64
1144.31
636.09
1443.74
1434.51
1482.95
1768.76
1709.96
1470.92
1739.71
1729.99
1515.23
1543.46
1343.61
1257.04
1419.50
1983.93
838.61
940.48
1885.61
743.96
1784.46
1560.57
1484.83
1378.64
1752.84
1451.06
1865.72
1827.05
853.90
1749.83
1156.27
679.77
1307.47
952.69
1777.25
1967.29
1519.65
1463.10
1643.75
275.14
1610.95
1193.69
1122.37
1720.36
1092.57
795.05
1752.03
908.36
1367.06
1673.96
854.01
1507.93
669.29
767.03
1433.22
1760.10
1186.90
1626.51
1501.73
1209.35
1879.27
1677.52
1606.33
1619.73
1450.58
1461.84
672.96
1726.85
1847.63
760.43
772.72
943.65
1655.65
1815.47
1178.89
1921.35
1286.32
1196.60
1970.08
1298.39
1927.81
808.14
1399.17
1578.93
963.29
1814.01
1335.73
1256.46
1782.11
1322.84
967.41
1794.90
1948.89
1609.49
1637.05
1170.85
1172.03
1315.55
1633.27
1328.49
1904.35
1541.68
1224.98
1228.43
680.19
1832.58
1611.46
1269.03
1420.73
1890.79
2147.30
740.79
1769.06
1702.29
809.05
279.88
1480.58
1272.19
1350.79
1201.68
874.62
1625.05
1707.30
1468.97
1693.96
1589.19
1448.41
979.46
1550.12
1016.57
1205.37
1257.55
1106.65
1133.93
666.87
971.00
1871.76
2007.30
1729.48
1836.87
1211.66
1619.03
1576.73
1117.48
1344.97
1962.37
1163.52
1718.29
1658.18
1969.02
1562.50
1392.61
1537.42
1944.80
995.01
847.40
1431.78
1570.02
957.42
1017.69
1184.08
1294.43
1751.91
1443.20
1341.36
1819.99
1655.97
1624.63
282.44
376.11
1970.24
1600.97
996.16
1847.86
820.09
1019.37
728.06
1621.69
1212.60
1940.32
866.50
1490.60
1403.44
706.21
1901.21
1165.51
642.33
1331.76
1741.03
1674.08
1290.28
1883.67
1492.29
638.74
1835.43
1988.95
1424.83
2120.64
1215.75
2093.42
1060.41
1810.46
1002.73
1453.74
896.33
1185.51
1249.97
1434.39
1334.13
1492.99
734.58
712.39
1500.77
1217.02
1919.58
1820.79
1609.05
757.20
1334.53
1091.21
894.27
1571.09
745.20
1458.78
1364.13
1429.44
1398.07
1727.22
941.86
981.45
1821.09
1370.58
1935.07
845.99
918.31
1813.60
1016.57
1303.97
1653.63
1523.99
1252.96
220.66
1818.78
1323.21
1964.80
1226.48
1543.81
1335.17
1916.83
1727.04
1699.17
1605.46
1710.65
749.16
1883.89
1513.40
1526.09
1708.71
1821.18
1440.84
1339.63
1847.84
1747.94
1179.16
1744.21
1349.38
1044.68
805.18
1395.62
1942.51
1163.65
932.81
1661.74
803.57
1586.55
1311.75
1203.10
1562.29
1511.64
1592.88
1107.63
1671.19
1128.97
1200.80
995.60
1473.97
1522.04
1469.02
954.86
1335.76
872.85
1813.32
1236.85
1572.70
1116.61
2100.18
1844.55
1232.65
1888.75
1228.93
1757.04
1516.67
1263.82
1363.32
1572.42
1350.05
672.90
1624.27
1443.66
986.28
2032.17
1287.80
1821.11
1124.53
1458.07
993.96
1869.65
1512.83
1903.30
1601.55
1543.94
1737.29
792.40
1651.32
837.22
1426.19
1108.73
1247.15
1189.22
1917.20
1729.87
1554.98
1226.40
999.15
1596.87
2160.13
1781.49
680.06
1255.54
1138.02
1548.77
1496.28
1420.80
1542.94
1465.63
204.00
1542.33
1747.94
1488.70
1658.68
1098.60
1823.39
1793.27
1053.57
573.13
2120.50
1148.95
1688.62
1734.46
1439.91
1952.60
1199.07
1737.25
1780.80
549.42
1298.70
274.70
1743.13
915.41
907.30
1830.42
1850.04
903.25
1497.42
1581.33
1922.14
1786.96
285.39
1619.71
1196.04
1853.86
1238.76
1965.42
1941.55
1973.90
1464.22
1638.83
1212.06
1501.56
648.54
1689.77
1533.55
964.21
1099.88
1722.94
1431.71
1763.51
266.09
1722.83
1674.79
987.04
1131.72
777.87
1507.59
1207.55
1198.75
1243.72
1102.14
1547.28
1517.73
1116.46
1324.69
1562.05
1387.04
1545.47
1278.76
1767.78
1881.24
1097.18
1213.22
1126.01
1614.02
863.38
646.86
1288.11
892.74
1695.67
1359.39
856.53
1880.96
1107.71
1916.41
1200.05
1243.11
1352.36
744.98
1306.29
1300.02
1385.82
1896.32
869.37
1324.43
1442.16
1707.21
639.22
1377.49
1415.16
896.75
1961.66
1838.99
1020.37
1356.28
1348.79
1656.76
1502.65
1383.82
1097.66
804.66
1995.95
1161.86
2061.84
1117.70
905.59
1931.29
1369.30
1503.76
1104.88
1399.78
1510.87
1281.75
1288.34
842.39
1353.25
1356.40
1339.33
1485.27
765.15
1406.67
1067.08
1343.27
1475.70
1685.76
1949.27
1622.60
1211.50
1924.16
954.10
1654.40
1167.80
1729.23
1163.37
1228.41
1582.74
1623.18
1749.59
651.83
1231.56
2157.46
1779.82
1660.14
1330.50
1938.08
1774.17
2047.48
1591.89
1519.41
1578.16
1805.90
1461.62
1208.29
1425.36
1486.66
1391.82
767.47
1128.45
1829.67
1259.39
1544.11
1902.40
1867.25
1536.83
898.30
1576.26
1840.34
395.97
1470.89
1426.34
1601.94
1641.26
1138.35
1392.57
806.02
560.46
1318.09
1473.67
1972.90
1827.29
1817.27
1338.41
1660.13
1717.61
1946.57
899.08
1755.08
612.79
937.75
1061.15
1460.23
1026.44
1598.99
1175.27
1557.09
1622.02
1785.01
1422.58
1387.17
1663.56
1353.61
1611.10
1961.73
1658.33
858.16
1289.70
1732.50
1199.55
1387.48
916.48
879.41
1566.30
1778.26
1013.23
817.49
1174.69
1732.87
1429.82
1360.26
947.53
1798.41
1581.69
1601.78
1628.19
1442.12
1092.04
741.25
1333.79
952.61
905.99
1829.95
1949.73
1305.12
1949.44
943.13
1224.66
1012.24
899.54
1041.64
1246.58
1568.49
1440.30
835.56
1516.65
1788.25
1489.32
1260.94
1695.96
1585.72
1819.14
1243.13
831.88
1421.70
1715.44
1323.38
1148.38
1613.78
1182.89
547.70
1691.16
1613.87
850.46
1061.76
1191.84
969.67
1613.09
1554.28
1228.39
1153.60
1638.76
1666.86
1743.57
1817.82
1432.80
1445.74
1668.97
1735.95
1682.10
1917.91
1817.64
1608.71
1694.32
1178.12
1415.46
1140.68
1137.34
1741.00
1334.19
1210.51
1645.60
667.84
1854.06
1170.17
1010.15
968.26
1921.50
1545.60
1512.38
1626.42
1424.95
1604.90
793.68
1391.66
926.10
1462.94
1738.08
1048.90
1474.45
1461.80
1022.14
1235.01
888.06
1529.11
1800.86
988.63
1287.26
673.10
1553.27
559.59
1014.02
822.96
1407.18
1557.11
2039.77
2142.15
1381.86
1939.61
753.02
922.35
1905.68
1548.56
1350.79
1416.81
1519.15
1177.62
1863.37
1470.65
1039.51
2165.39
2040.83
1972.42
1654.35
1581.03
773.46
1565.95
1214.53
1471.17
1496.50
1000.12
550.63
1941.87
1366.88
845.31
1490.51
1607.85
1153.94
1598.64
1956.02
1043.65
677.73
1301.11
1715.29
695.13
644.26
580.82
1820.79
1645.19
1369.50
1883.25
1313.40
1921.93
1595.56
1356.33
1589.88
1943.57
1566.36
1278.13
1591.92
970.75
684.38
1529.45
1602.42
1483.48
1580.42
853.47
1846.42
1800.76
1582.09
1822.03
1602.91
1759.33
1440.13
2131.97
1770.76
1127.94
805.91
827.95
1751.98
1055.88
1692.35
1710.36
1506.57
1159.72
1426.34
1344.60
1510.62
801.04
1217.39
1795.88
767.95
1689.40
1008.41
1668.87
1490.00
1173.09
774.67
1547.37
1358.52
1510.90
1503.78
1197.13
1743.68
1308.42
1453.71
1420.54
1846.44
976.16
1861.91
1652.92
1587.21
586.07
558.79
1816.47
1083.22
834.76
1582.51
887.42
1620.41
1736.93
1591.08
1814.67
1627.00
1571.11
1832.04
1884.00
1234.51
1348.42
1500.55
1559.29
1126.91
1087.07
1515.31
1232.31
1199.82
1625.31
1662.01
1172.10
1508.52
1734.75
650.58
662.74
1705.31
1469.60
1472.17
1729.59
1625.08
1222.04
1103.96
1622.55
1390.80
1023.70
1900.28
1418.18
1794.17
1509.81
1657.77
1134.35
1470.99
1703.83
1745.99
2133.84
997.96
631.70
1168.77
1432.75
989.34
747.93
1790.75
1088.14
1831.36
1210.11
1770.45
1827.12
1658.14
955.30
1513.40
1629.50
1118.45
686.28
630.50
1223.45
1759.17
1714.06
730.24
1321.82
1548.19
1659.08
1556.99
1894.47
1933.65
1883.22
1501.52
1962.62
973.17
1189.21
480.16
1737.08
1488.73
1336.97
1518.58
1572.88
2157.25
1785.13
1737.83
1486.74
1439.19
1462.86
1603.72
1954.81
1900.97
1370.07
794.02
1675.65
1223.54
1299.89
1389.66
1446.25
1918.57
1072.91
1013.00
1212.71
441.49
1557.40
1583.82
1541.62
1506.87
1069.10
1131.21
1303.50
1058.66
544.74
1546.50
904.79
1615.30
1004.43
1887.67
1014.62
1906.45
1837.28
1702.43
1619.62
1801.22
1370.11
1869.89
513.86
1205.85
2050.64
1102.19
1250.67
1509.83
1605.23
413.98
1463.50
1497.88
1285.69
1867.64
1877.70
355.04
1516.97
499.01
1571.65
1417.70
1584.16
1448.74
1737.45
1953.69
554.33
180.93
1407.20
1147.60
1130.02
1203.27
842.75
1755.82
875.27
1793.86
1515.69
833.19
823.43
1255.79
1682.68
1715.59
748.25
1678.12
1536.94
1114.19
583.77
791.97
1528.66
1286.44
1060.23
1483.72
846.53
1599.65
612.28
1271.57
1698.25
1596.74
2029.23
1580.04
1491.17
899.33
1684.17
776.45
1608.75
1184.20
1620.61
1340.23
1205.03
1473.89
1519.45
1567.70
1353.86
1922.43
1771.58
1811.49
870.50
1794.17
1341.05
1484.44
1941.36
1670.52
1741.39
843.55
1244.73
1253.41
1911.46
1445.22
1606.70
1375.14
759.05
1589.64
1665.21
1830.26
1126.11
1107.99
842.11
1517.72
2048.02
1055.48
1769.32
1593.96
1125.58
704.12
1723.84
844.25
1500.00
599.10
1085.51
1141.49
1276.18
1839.11
1970.95
893.01
1674.16
873.08
659.70
1361.66
1208.91
692.03
1546.61
1778.73
1143.54
1509.42
1139.78
1258.96
1509.13
1497.07
1119.53
1181.76
1388.21
448.61
598.15
1596.38
1211.42
1182.52
1109.82
1337.20
928.04
953.54
1793.51
759.15
936.88
1443.37
1590.71
1570.46
1125.69
1545.24
1575.66
1708.22
1459.15
1953.33
1392.98
1658.09
1789.02
1125.83
1712.47
1523.08
1835.01
1425.38
1137.17
1753.49
1417.03
1776.98
1929.72
1910.46
1832.49
1685.86
1235.95
1581.80
1739.82
1172.92
1242.39
1090.40
1531.83
1912.59
1758.58
1955.70
1351.82
846.80
1428.68
1705.82
1557.28
1724.12
635.67
1467.99
544.63
1463.65
1972.67
1541.59
1593.01
971.26
934.53
1674.35
1343.58
1315.44
1486.98
1219.50
1895.47
1682.91
680.12
1226.35
1735.11
1318.89
1310.75
1507.21
1469.30
1049.65
730.00
561.08
1962.81
894.28
1708.25
1856.01
1589.85
1552.04
2021.63
885.23
1349.62
1473.25
1391.67
1321.62
784.18
1757.73
1604.31
1448.25
488.84
1203.29
1591.34
1542.33
989.02
1881.97
871.89
794.35
1417.77
1287.26
1794.22
1431.30
872.34
1674.48
2080.51
1737.69
1407.70
1145.55
642.59
1671.30
1424.79
1716.53
397.70
1735.47
1692.06
1675.36
1547.89
1780.07
907.40
747.30
1740.99
1677.00
1683.97
1431.37
1183.02
1410.11
1090.05
928.38
1967.05
1032.28
1341.83
1435.38
1056.78
1198.86
1568.51
1906.00
1326.81
541.99
1510.80
1089.83
1499.42
1515.61
1290.61
1745.60
1529.31
1587.93
1902.90
1541.12
1013.98
1427.08
2088.05
1184.08
1563.94
1446.98
1079.33
1285.92
1469.20
1052.30
1561.25
761.11
1435.64
1044.78
1161.93
1474.54
710.75
1373.83
1954.85
859.83
2175.27
947.59
1165.65
957.28
1600.86
1828.20
1261.48
1510.60
1205.23
945.11
752.17
1822.17
1230.67
1853.02
1663.78
1684.73
903.38
1463.72
1314.26
1770.48
1148.94
1357.39
1683.49
753.79
1871.94
1879.42
1887.73
1806.17
1786.48
1064.37
1709.61
279.56
1387.48
1182.24
1413.93
831.75
2143.94
1340.45
1402.43
934.70
1940.75
932.54
160.45
773.50
955.57
1928.51
1965.17
1783.12
1611.81
1867.84
1287.61
1543.22
1022.81
1191.61
1494.73
948.19
896.29
1710.86
1193.71
728.08
1424.90
1690.56
1427.67
1689.15
1762.49
1151.70
1941.96
1600.34
1496.34
1704.58
1434.10
1204.98
825.51
1045.40
594.81
1596.93
1618.12
1676.46
1471.75
1296.53
1344.01
1302.17
609.32
1720.97
1617.98
1487.79
1782.57
1567.49
1257.15
2060.82
827.38
1317.01
734.50
1612.24
1431.95
992.74
1288.67
1797.16
1732.53
1602.14
1267.85
673.69
1969.27
943.54
1442.73
1426.45
1290.85
1508.34
1329.48
1454.37
1130.26
935.70
1917.29
1584.43
697.06
1799.46
1379.82
1543.44
594.99
1737.95
1447.27
498.84
1200.85
1438.47
279.14
1411.32
1203.75
1392.68
1668.85
1470.04
1312.13
1714.64
2165.89
596.69
1580.16
694.66
1603.23
1429.18
1166.74
1939.55
1591.16
1760.30
1482.80
1423.29
1866.84
1115.13
1748.49
1416.81
1343.82
1229.64
1745.43
467.01
1056.35
1035.43
941.26
1790.22
760.74
1063.08
1834.32
1510.21
1222.05
351.63
1334.17
1102.34
1070.94
1152.24
843.24
1613.95
1684.94
1821.89
1380.03
1703.49
909.21
1543.42
1566.13
1606.01
1547.98
2212.39
1275.17
1531.60
1418.00
1220.09
1914.13
1834.81
1508.48
986.46
1774.97
892.66
1453.45
873.75
1813.19
1469.50
1168.56
1578.36
1553.82
2011.69
1597.42
200.04
1577.25
1700.76
1320.34
1017.79
1355.76
1567.67
1430.73
960.68
1837.49
1567.92
1566.14
2050.27
1936.06
1535.76
1336.21
1505.25
1616.47
1387.46
385.68
1596.64
1806.33
1122.94
1193.69
1738.26
694.28
575.54
621.35
1797.13
1257.32
